Ceiling Lamp
(55040, 34573, 41281, 3500)
(55040, 34573, 41281, 3500)
(55040, 34573, 41281, 3500)
(55040, 34573, 41281, 3500)
(55040, 34573, 41281, 3500)
(55040, 34573, 41281, 3500)
(55040, 34573, 41281, 3500)
(55040, 34573, 41281, 3500)
(55040, 34573, 41281, 3500)
(54959, 35386, 41430, 3500)
(54827, 36711, 41673, 3500)
(54787, 37120, 41748, 3500)
(54704, 37958, 41901, 3500)
(54661, 38391, 41981, 3500)
(54620, 38800, 42056, 3500)
(54537, 39638, 42209, 3500)
(54455, 40464, 42361, 3500)
(54374, 41277, 42510, 3500)
(54292, 42107, 42662, 3500)
(54210, 42928, 42813, 3500)
(54130, 43741, 42962, 3500)
(54048, 44567, 43113, 3500)
(53966, 45393, 43264, 3500)
(53885, 46210, 43414, 3500)
(53803, 47032, 43565, 3500)
(53721, 47857, 43716, 3500)
(53599, 49087, 43942, 3500)
(53518, 49909, 44093, 3500)
(53436, 50731, 44243, 3500)
(53356, 51540, 44391, 3500)
(53274, 52369, 44544, 3500)
(53192, 53191, 44694, 3500)
(53111, 54013, 44845, 3500)
(53029, 54834, 44996, 3500)
(52988, 55251, 45072, 3500)
(52948, 55656, 45146, 3500)
(52866, 56477, 45297, 3500)
(52784, 57303, 45448, 3500)
(52703, 58120, 45598, 3500)
(52622, 58942, 45749, 3500)
(52540, 59763, 45899, 3500)
(52459, 60576, 46048, 3500)
(52418, 60993, 46125, 3500)
(52378, 61402, 46200, 3500)
(52336, 61819, 46276, 3500)
(52255, 62641, 46427, 3500)
(52173, 63466, 46578, 3500)
(52133, 63871, 46652, 3500)
(52051, 64688, 46802, 3500)
(51970, 65514, 46954, 3500)
(51968, 65535, 46958, 3500)
(51968, 65535, 46958, 3500)
(51968, 65535, 46958, 3500)
(51968, 65535, 46958, 3500)
(51968, 65535, 46958, 3500)
(51968, 65535, 46958, 3500)
(51968, 65535, 46958, 3500)
(51968, 65535, 46958, 3500)
(51968, 65535, 46958, 3500)
(51968, 65535, 46958, 3500)
(51968, 65535, 46958, 3500)
(51968, 65535, 46958, 3500)
(51968, 65535, 46958, 3500)
(51968, 65535, 46958, 3500)
(51968, 65535, 46958, 3500)
(51968, 65535, 46958, 3500)
(51968, 65535, 46958, 3500)
(51968, 65535, 46958, 3500)
(51968, 65535, 46958, 3500)
(51968, 65535, 46958, 3500)
(51968, 65535, 46958, 3500)
(51968, 65535, 46958, 3500)
(51968, 65535, 46958, 3500)
(51968, 65535, 46958, 3500)
(51968, 65535, 46958, 3500)
(51968, 65535, 46958, 3500)
(51968, 65535, 46958, 3500)
(51968, 65535, 46958, 3500)
(51968, 65535, 46958, 3500)
(51968, 65535, 46958, 3500)
(51968, 65535, 46958, 3500)
(51968, 65535, 46958, 3500)
(51968, 65535, 46958, 3500)
(51968, 65535, 46958, 3500)
(51968, 65535, 46958, 3500)
(51968, 65535, 46958, 3500)
(51968, 65535, 46958, 3500)
(51968, 65535, 46958, 3500)
(51968, 65535, 46958, 3500)
(51968, 65535, 46958, 3500)
(51968, 65535, 46958, 3500)
(51968, 65535, 46958, 3500)
(51968, 65535, 46958, 3500)
(51968, 65535, 46958, 3500)
(51968, 65535, 46958, 3500)
(51968, 65535, 46958, 3500)
(51968, 65535, 46958, 3500)
(51968, 65535, 46958, 3500)
(51968, 65535, 46958, 3500)
(51968, 65535, 46958, 3500)
(51968, 65535, 46958, 3500)
(51968, 65535, 46958, 3500)
(51968, 65535, 46958, 3500)
(51968, 65535, 46958, 3500)
(51968, 65535, 46958, 3500)
(51968, 65535, 46958, 3500)
(51968, 65535, 46958, 3500)
(51968, 65535, 46958, 3500)
(51968, 65535, 46958, 3500)
(51968, 65535, 46958, 3500)
(51968, 65535, 46958, 3500)
(51968, 65535, 46958, 3500)
(51968, 65535, 46958, 3500)
(51968, 65535, 46958, 3500)
(51968, 65535, 46958, 3500)
(51968, 65535, 46958, 3500)
(51968, 65535, 46958, 3500)
(51968, 65535, 46958, 3500)
(51968, 65535, 46958, 3500)
(51968, 65535, 46958, 3500)
(51968, 65535, 46958, 3500)
(51968, 65535, 46958, 3500)
(51968, 65535, 46958, 3500)
(51968, 65535, 46958, 3500)
(51968, 65535, 46958, 3500)
(51968, 65535, 46958, 3500)
(51968, 65535, 46958, 3500)
(51968, 65535, 46958, 3500)
(51968, 65535, 46958, 3500)
(51968, 65535, 46958, 3500)
(51968, 65535, 46958, 3500)
(51968, 65535, 46958, 3500)
(51968, 65535, 46958, 3500)
(51968, 65535, 46958, 3500)
(51968, 65535, 46958, 3500)
(51968, 65535, 46958, 3500)
(51968, 65535, 46958, 3500)
(51968, 65535, 46958, 3500)
(51968, 65535, 46958, 3500)
(51968, 65535, 46958, 3500)
(51968, 65535, 46958, 3500)
(51968, 65535, 46958, 3500)
(51968, 65535, 46958, 3500)
(51968, 65535, 46958, 3500)
(51968, 65535, 46958, 3500)
(51968, 65535, 46958, 3500)
(51968, 65535, 46958, 3500)
(51968, 65535, 46958, 3500)
(51968, 65535, 46958, 3500)
(51968, 65535, 46958, 3500)
(51968, 65535, 46958, 3500)
(51968, 65535, 46958, 3500)
(51968, 65535, 46958, 3500)
(51968, 65535, 46958, 3500)
(51968, 65535, 46958, 3500)
(51968, 65535, 46958, 3500)
(51968, 65535, 46958, 3500)
(51968, 65535, 46958, 3500)
(51968, 65535, 46958, 3500)
(51968, 65535, 46958, 3500)
(51968, 65535, 46958, 3500)
(51968, 65535, 46958, 3500)
(51968, 65535, 46958, 3500)
(52171, 65366, 46842, 3500)
(52592, 65017, 46602, 3500)
(52805, 64840, 46481, 3500)
(53222, 64494, 46243, 3500)
(53646, 64143, 46003, 3500)
(54065, 63796, 45764, 3500)
(54274, 63622, 45645, 3500)
(54695, 63273, 45405, 3500)
(55118, 62922, 45165, 3500)
(55540, 62573, 44925, 3500)
(55956, 62227, 44688, 3500)
(56380, 61876, 44447, 3500)
(56803, 61525, 44206, 3500)
(57224, 61176, 43966, 3500)
(57645, 60827, 43727, 3500)
(58062, 60481, 43490, 3500)
(58487, 60129, 43248, 3500)
(58908, 59780, 43008, 3500)
(59330, 59430, 42768, 3500)
(59539, 59257, 42649, 3500)
(59958, 58909, 42411, 3500)
(60383, 58557, 42169, 3500)
(60798, 58213, 41933, 3500)
(61221, 57862, 41692, 3500)
(61645, 57511, 41451, 3500)
(62064, 57164, 41213, 3500)
(62489, 56811, 40971, 3500)
(62904, 56467, 40735, 3500)
(63331, 56113, 40491, 3500)
(63539, 55941, 40373, 3500)
(63958, 55593, 40135, 3500)
(64381, 55242, 39894, 3500)
(64592, 55067, 39774, 3500)
(65009, 54721, 39536, 3500)
(65435, 54369, 39294, 3500)
(319, 54021, 39056, 3500)
(953, 53495, 38695, 3500)
(1345, 53170, 38472, 3500)
(1842, 52758, 38189, 3500)
(1843, 52757, 38188, 3500)
(1431, 53099, 38423, 3500)
(1017, 53442, 38659, 3500)
(807, 53617, 38778, 3500)
(600, 53788, 38896, 3500)
(65515, 54302, 39249, 3500)
(64897, 54815, 39600, 3500)
(64478, 55162, 39839, 3500)
(64068, 55502, 40072, 3500)
(63652, 55847, 40309, 3500)
(63031, 56361, 40662, 3500)
(62407, 56879, 41017, 3500)
(61992, 57223, 41253, 3500)
(61580, 57565, 41488, 3500)
(61166, 57908, 41723, 3500)
(60955, 58082, 41843, 3500)
(60545, 58422, 42077, 3500)
(60131, 58766, 42312, 3500)
(59713, 59113, 42550, 3500)
(59302, 59453, 42784, 3500)
(58886, 59798, 43021, 3500)
(58059, 60484, 43491, 3500)
(57645, 60827, 43727, 3500)
(57229, 61172, 43964, 3500)
(56814, 61516, 44200, 3500)
(56400, 61859, 44435, 3500)
(55988, 62201, 44670, 3500)
(55576, 62543, 44904, 3500)
(55159, 62888, 45141, 3500)
(54747, 63230, 45376, 3500)
(54333, 63574, 45612, 3500)
(53914, 63920, 45850, 3500)
(53504, 64261, 46083, 3500)
(52884, 64775, 46436, 3500)
(52261, 65291, 46790, 3500)
(51968, 65535, 46958, 3500)
(51968, 65535, 46958, 3500)
(51968, 65535, 46958, 3500)
(51968, 65535, 46958, 3500)
(51968, 65535, 46958, 3500)
(51968, 65535, 46958, 3500)
(51968, 65535, 46958, 3500)
(51968, 65535, 46958, 3500)
(51968, 65535, 46958, 3500)
(51968, 65535, 46958, 3500)
(51968, 65535, 46958, 3500)
(51968, 65535, 46958, 3500)
(51968, 65535, 46958, 3500)
(51968, 65535, 46958, 3500)
(51968, 65535, 46958, 3500)
(51968, 65535, 46958, 3500)
(51968, 65535, 46958, 3500)
(51968, 65535, 46958, 3500)
(51968, 65535, 46958, 3500)
(51968, 65535, 46958, 3500)
(51968, 65535, 46958, 3500)
(51968, 65535, 46958, 3500)
(51968, 65535, 46958, 3500)
(51968, 65535, 46958, 3500)
(51968, 65535, 46958, 3500)
(51968, 65535, 46958, 3500)
(51968, 65535, 46958, 3500)
(51968, 65535, 46958, 3500)
(51968, 65535, 46958, 3500)
(51968, 65535, 46958, 3500)
(51968, 65535, 46958, 3500)
(51968, 65535, 46958, 3500)
(51968, 65535, 46958, 3500)
(51968, 65535, 46958, 3500)
(51968, 65535, 46958, 3500)
(51968, 65535, 46958, 3500)
(51968, 65535, 46958, 3500)
(51968, 65535, 46958, 3500)
(51968, 65535, 46958, 3500)
(51968, 65535, 46958, 3500)
(51968, 65535, 46958, 3500)
(51968, 65535, 46958, 3500)
(51968, 65535, 46958, 3500)
(51968, 65535, 46958, 3500)
(51968, 65535, 46958, 3500)
(51968, 65535, 46958, 3500)
(51968, 65535, 46958, 3500)
(51968, 65535, 46958, 3500)
(51968, 65535, 46958, 3500)
(51968, 65535, 46958, 3500)
(51968, 65535, 46958, 3500)
(51968, 65535, 46958, 3500)
(51968, 65535, 46958, 3500)
(51968, 65535, 46958, 3500)
(51968, 65535, 46958, 3500)
(51968, 65535, 46958, 3500)
(51968, 65535, 46958, 3500)
(51968, 65535, 46958, 3500)
(51968, 65535, 46958, 3500)
(51968, 65535, 46958, 3500)
(51968, 65535, 46958, 3500)
(51968, 65535, 46958, 3500)
(51968, 65535, 46958, 3500)
(51968, 65535, 46958, 3500)
(51968, 65535, 46958, 3500)
(51968, 65535, 46958, 3500)
(51968, 65535, 46958, 3500)
(51968, 65535, 46958, 3500)
(51968, 65535, 46958, 3500)
(51968, 65535, 46958, 3500)
(51968, 65535, 46958, 3500)
(51968, 65535, 46958, 3500)
(51968, 65535, 46958, 3500)
(51968, 65535, 46958, 3500)
(51968, 65535, 46958, 3500)
(51968, 65535, 46958, 3500)
(51968, 65535, 46958, 3500)
(51968, 65535, 46958, 3500)
(51968, 65535, 46958, 3500)
(51968, 65535, 46958, 3500)
(51968, 65535, 46958, 3500)
(51968, 65535, 46958, 3500)
(51968, 65535, 46958, 3500)
(51968, 65535, 46958, 3500)
(51968, 65535, 46958, 3500)
(51968, 65535, 46958, 3500)
(51968, 65535, 46958, 3500)
(51968, 65535, 46958, 3500)
(51968, 65535, 46958, 3500)
(51968, 65535, 46958, 3500)
(51968, 65535, 46958, 3500)
(51968, 65535, 46958, 3500)
(51968, 65535, 46958, 3500)
(51968, 65535, 46958, 3500)
(51968, 65535, 46958, 3500)
(51968, 65535, 46958, 3500)
(51968, 65535, 46958, 3500)
(51968, 65535, 46958, 3500)
(51968, 65535, 46958, 3500)
(51968, 65535, 46958, 3500)
(51968, 65535, 46958, 3500)
(51968, 65535, 46958, 3500)
(51968, 65535, 46958, 3500)
(51968, 65535, 46958, 3500)
(51968, 65535, 46958, 3500)
(51968, 65535, 46958, 3500)
(51968, 65535, 46958, 3500)
(51968, 65535, 46958, 3500)
(51968, 65535, 46958, 3500)
(51968, 65535, 46958, 3500)
(51968, 65535, 46958, 3500)
(51968, 65535, 46958, 3500)
(52279, 65508, 46958, 3500)
(52907, 65453, 46958, 3500)
(53542, 65398, 46958, 3500)
(53856, 65371, 46958, 3500)
(54488, 65316, 46958, 3500)
(55126, 65261, 46958, 3500)
(56065, 65179, 46958, 3500)
(56704, 65124, 46958, 3500)
(57329, 65069, 46958, 3500)
(59852, 64851, 46958, 3500)
(60487, 64796, 46958, 3500)
(61119, 64741, 46958, 3500)
(61747, 64686, 46958, 3500)
(62068, 64658, 46958, 3500)
(62389, 64631, 46958, 3500)
(63014, 64576, 46958, 3500)
(64912, 64412, 46958, 3500)
(6, 64357, 46958, 3500)
(641, 64302, 46958, 3500)
(1272, 64247, 46958, 3500)
(1904, 64193, 46958, 3500)
(2536, 64138, 46958, 3500)
(3167, 64083, 46958, 3500)
(3799, 64028, 46958, 3500)
(4116, 64001, 46958, 3500)
(4742, 63946, 46958, 3500)
(5059, 63919, 46958, 3500)
(5377, 63891, 46958, 3500)
(6002, 63837, 46958, 3500)
(6640, 63782, 46958, 3500)
(7265, 63727, 46958, 3500)
(7903, 63672, 46958, 3500)
(8538, 63617, 46958, 3500)
(9160, 63563, 46958, 3500)
(10116, 63480, 46958, 3500)
(9941, 63495, 46958, 3500)
(9300, 63551, 46958, 3500)
(8675, 63605, 46958, 3500)
(8043, 63660, 46958, 3500)
(7405, 63715, 46958, 3500)
(6780, 63770, 46958, 3500)
(6145, 63825, 46958, 3500)
(5513, 63879, 46958, 3500)
(4878, 63935, 46958, 3500)
(4253, 63989, 46958, 3500)
(3618, 64044, 46958, 3500)
(2983, 64099, 46958, 3500)
(2358, 64153, 46958, 3500)
(1723, 64208, 46958, 3500)
(1094, 64263, 46958, 3500)
(463, 64318, 46958, 3500)
(65369, 64372, 46958, 3500)
(65049, 64400, 46958, 3500)
(64420, 64454, 46958, 3500)
(63785, 64509, 46958, 3500)
(63471, 64537, 46958, 3500)
(62836, 64592, 46958, 3500)
(62208, 64646, 46958, 3500)
(61573, 64701, 46958, 3500)
(60948, 64756, 46958, 3500)
(60309, 64811, 46958, 3500)
(59678, 64866, 46958, 3500)
(59043, 64921, 46958, 3500)
(58414, 64975, 46958, 3500)
(57786, 65030, 46958, 3500)
(57151, 65085, 46958, 3500)
(56523, 65139, 46958, 3500)
(55885, 65195, 46958, 3500)
(55573, 65222, 46958, 3500)
(54945, 65276, 46958, 3500)
(53993, 65359, 46958, 3500)
(53361, 65414, 46958, 3500)
(52733, 65468, 46958, 3500)
(52446, 65100, 46885, 3500)
(52515, 64284, 46735, 3500)
(52585, 63459, 46584, 3500)
(52655, 62639, 46433, 3500)
(52689, 62239, 46360, 3500)
(52759, 61410, 46207, 3500)
(52828, 60594, 46058, 3500)
(52899, 59765, 45905, 3500)
(52934, 59357, 45830, 3500)
(53002, 58548, 45682, 3500)
(53073, 57720, 45530, 3500)
(53142, 56899, 45379, 3500)
(53212, 56075, 45228, 3500)
(53281, 55262, 45079, 3500)
(53352, 54429, 44926, 3500)
(53421, 53621, 44778, 3500)
(53491, 52797, 44626, 3500)
(53560, 51980, 44476, 3500)
(53631, 51147, 44323, 3500)
(53700, 50335, 44174, 3500)
(53771, 49502, 44021, 3500)
(53841, 48674, 43869, 3500)
(53910, 47861, 43720, 3500)
(53981, 47033, 43568, 3500)
(54050, 46216, 43418, 3500)
(54120, 45392, 43267, 3500)
(54190, 44571, 43116, 3500)
(54259, 43755, 42966, 3500)
(54330, 42926, 42814, 3500)
(54398, 42118, 42666, 3500)
(54468, 41293, 42514, 3500)
(54538, 40477, 42364, 3500)
(54608, 39656, 42214, 3500)
(54712, 38428, 41988, 3500)
(54817, 37191, 41761, 3500)
(54887, 36366, 41610, 3500)
(54992, 35137, 41384, 3500)
(54999, 34977, 41355, 3500)
(54919, 35790, 41504, 3500)
(54837, 36616, 41655, 3500)
(54756, 37433, 41805, 3500)
(54674, 38259, 41956, 3500)
(54593, 39072, 42106, 3500)
(54511, 39902, 42258, 3500)
(54430, 40715, 42407, 3500)
(54348, 41545, 42559, 3500)
(54266, 42367, 42710, 3500)
(54185, 43184, 42859, 3500)
(54103, 44010, 43011, 3500)
(54063, 44414, 43085, 3500)
(53982, 45232, 43235, 3500)
(53900, 46057, 43386, 3500)
(53818, 46883, 43538, 3500)
(53737, 47700, 43688, 3500)
(53655, 48522, 43838, 3500)
(53574, 49339, 43988, 3500)
(53493, 50157, 44138, 3500)
(53451, 50578, 44215, 3500)
(53371, 51391, 44364, 3500)
(53289, 52217, 44516, 3500)
(53248, 52625, 44591, 3500)
(53167, 53443, 44740, 3500)
(53085, 54268, 44892, 3500)
(53003, 55094, 45043, 3500)
(52923, 55907, 45192, 3500)
(52841, 56729, 45343, 3500)
(52759, 57559, 45495, 3500)
(52678, 58376, 45645, 3500)
(52596, 59202, 45796, 3500)
(52515, 60015, 45945, 3500)
(52433, 60845, 46098, 3500)
(52311, 62075, 46323, 3500)
(52230, 62892, 46473, 3500)
(52108, 64119, 46698, 3500)
(52025, 64952, 46851, 3500)
(51968, 65535, 46958, 3500)
(51968, 65535, 46958, 3500)
(51968, 65535, 46958, 3500)
(51968, 65535, 46958, 3500)
(51968, 65535, 46958, 3500)
(51968, 65535, 46958, 3500)
(51968, 65535, 46958, 3500)
(51968, 65535, 46958, 3500)
(51968, 65535, 46958, 3500)
(51968, 65535, 46958, 3500)
(51968, 65535, 46958, 3500)
(51968, 65535, 46958, 3500)
(51968, 65535, 46958, 3500)
(51968, 65535, 46958, 3500)
(51968, 65535, 46958, 3500)
(51968, 65535, 46958, 3500)
(51968, 65535, 46958, 3500)
(51968, 65535, 46958, 3500)
(51968, 65535, 46958, 3500)
(51968, 65535, 46958, 3500)
(51968, 65535, 46958, 3500)
(51968, 65535, 46958, 3500)
(51968, 65535, 46958, 3500)
(51968, 65535, 46958, 3500)
(51968, 65535, 46958, 3500)
(51968, 65535, 46958, 3500)
(51968, 65535, 46958, 3500)
(51968, 65535, 46958, 3500)
(51968, 65535, 46958, 3500)
(51968, 65535, 46958, 3500)
(52177, 65361, 46838, 3500)
(52808, 64838, 46479, 3500)
(53224, 64492, 46242, 3500)
(53650, 64140, 46000, 3500)
(54073, 63789, 45759, 3500)
(54490, 63443, 45522, 3500)
(54911, 63094, 45283, 3500)
(55336, 62741, 45041, 3500)
(55755, 62394, 44802, 3500)
(56179, 62043, 44561, 3500)
(56386, 61871, 44443, 3500)
(56807, 61522, 44204, 3500)
(57228, 61173, 43964, 3500)
(57649, 60824, 43724, 3500)
(58068, 60476, 43486, 3500)
(58494, 60124, 43244, 3500)
(58701, 59952, 43126, 3500)
(59124, 59601, 42885, 3500)
(59545, 59252, 42645, 3500)
(59966, 58902, 42406, 3500)
(60388, 58553, 42166, 3500)
(60809, 58204, 41927, 3500)
(61230, 57855, 41687, 3500)
(61653, 57504, 41446, 3500)
(62070, 57158, 41209, 3500)
(62493, 56807, 40968, 3500)
(62912, 56460, 40730, 3500)
(63331, 56113, 40491, 3500)
(63756, 55760, 40249, 3500)
(64173, 55414, 40012, 3500)
(64594, 55065, 39772, 3500)
(65018, 54714, 39532, 3500)
(65439, 54365, 39292, 3500)
(118, 54188, 39170, 3500)
(325, 54016, 39052, 3500)
(744, 53669, 38814, 3500)
(1169, 53316, 38572, 3500)
(1590, 52967, 38332, 3500)
(2219, 52446, 37975, 3500)
(2304, 52376, 37927, 3500)
(2100, 52544, 38042, 3500)
(1889, 52719, 38163, 3500)
(1466, 53070, 38403, 3500)
(1047, 53418, 38642, 3500)
(625, 53767, 38881, 3500)
(204, 54116, 39121, 3500)
(65316, 54467, 39362, 3500)
(64899, 54813, 39599, 3500)
(64476, 55163, 39840, 3500)
(64057, 55511, 40078, 3500)
(62792, 56560, 40798, 3500)
(62373, 56907, 41037, 3500)
(61947, 57260, 41279, 3500)
(61740, 57432, 41397, 3500)
(61319, 57781, 41636, 3500)
(60898, 58130, 41876, 3500)
(60684, 58308, 41998, 3500)
(60265, 58655, 42236, 3500)
(59846, 59002, 42475, 3500)
(59425, 59352, 42714, 3500)
(58999, 59704, 42956, 3500)
(58583, 60050, 43193, 3500)
(58157, 60402, 43435, 3500)
(57950, 60574, 43553, 3500)
(57527, 60925, 43794, 3500)
(57103, 61276, 44035, 3500)
(56686, 61622, 44272, 3500)
(56263, 61973, 44513, 3500)
(55846, 62318, 44750, 3500)
(55425, 62668, 44990, 3500)
(55002, 63019, 45231, 3500)
(54579, 63369, 45472, 3500)
(54158, 63719, 45711, 3500)
